150
1 | 0 | 109 119 100 126 102
1 | 1 | 109 119 101 126 104
1 | 2 | 109 119 102 126 106
1 | 3 | 109 119 103 126 108
1 | 4 | 109 119 104 126 110
1 | 5 | 109 104 105 126 112
1 | 6 | 109 104 106 136 114
1 | 7 | 109 104 107 134 116
1 | 8 | 109 104 108 134 120
1 | 9 | 109 104 109 134 122
1 | 10 | 119 129 110 134 124
1 | 11 | 119 129 111 134 126
1 | 12 | 119 129 112 134 128
1 | 13 | 119 129 113 147 130
1 | 14 | 119 129 114 147 132
1 | 15 | 119 134 115 147 134
1 | 16 | 119 134 116 147 136
1 | 17 | 119 134 117 147 138
1 | 18 | 119 134 118 109 140
1 | 19 | 119 134 119 109 142
1 | 20 | 129 139 120 109 144
1 | 21 | 129 139 121 109 146
1 | 22 | 129 139 122 109 148
1 | 23 | 129 139 123 109 101
1 | 24 | 129 139 124 109 103
1 | 25 | 129 144 125 122 105
1 | 26 | 129 144 126 122 107
1 | 27 | 129 144 127 122 111
1 | 28 | 129 144 128 122 113
1 | 29 | 129 144 129 130 115
1 | 30 | 139 149 130 140 117
1 | 31 | 139 149 131 130 118
1 | 32 | 139 149 132 130 121
1 | 33 | 139 149 133 130 123
1 | 34 | 139 149 134 130 125
1 | 35 | 139 149 135 120 127
1 | 36 | 139 101 136 120 131
1 | 37 | 139 101 137 120 133
1 | 38 | 139 101 138 120 135
1 | 39 | 139 101 139 110 137
1 | 40 | 139 101 140 110 141
1 | 41 | 139 103 141 110 143
1 | 42 | 139 103 142 110 145
1 | 43 | 139 103 143 110 147
1 | 44 | 139 103 144 110 104
1 | 45 | 139 103 145 110 144
1 | 46 | 139 105 146 100 144
1 | 47 | 139 105 147 100 144
1 | 48 | 139 105 148 100 144
1 | 49 | 139 105 149 100 144
1 | 50 | 149 105 148 100 144
1 | 51 | 148 107 147 100 144
1 | 52 | 147 107 146 100 144
1 | 53 | 146 107 145 100 144
1 | 54 | 145 107 144 100 144
1 | 55 | 144 107 143 101 124
1 | 56 | 143 107 142 102 124
1 | 57 | 142 107 141 103 124
1 | 58 | 141 107 140 104 124
1 | 59 | 140 107 139 105 124
1 | 60 | 139 107 103 106 114
1 | 61 | 138 111 113 108 114
1 | 62 | 137 111 123 109 114
1 | 63 | 136 111 133 110 114
1 | 64 | 135 111 113 112 114
1 | 65 | 134 111 103 113 114
1 | 66 | 133 111 123 115 114
1 | 67 | 132 111 133 116 114
1 | 68 | 131 111 143 117 114
1 | 69 | 130 111 100 118 114
1 | 70 | 129 111 100 119 134
1 | 71 | 128 111 100 120 134
1 | 72 | 127 112 106 121 134
1 | 73 | 126 112 106 122 134
1 | 74 | 125 112 106 123 134
1 | 75 | 124 112 106 124 134
1 | 76 | 123 112 106 125 134
1 | 77 | 122 112 146 126 134
1 | 78 | 121 126 146 127 134
1 | 79 | 120 126 146 128 134
1 | 80 | 119 126 133 129 110
1 | 81 | 118 126 133 130 119
1 | 82 | 117 126 102 131 119
1 | 83 | 116 143 102 132 119
1 | 84 | 115 143 102 133 119
1 | 85 | 114 143 102 134 119
1 | 86 | 113 143 103 135 119
1 | 87 | 112 143 103 136 119
1 | 88 | 111 143 103 137 119
1 | 89 | 110 143 103 138 119
1 | 90 | 109 146 103 139 100
1 | 91 | 108 146 103 140 100
1 | 92 | 107 146 103 141 100
1 | 93 | 106 146 103 142 100
1 | 94 | 105 146 103 143 100
1 | 95 | 104 146 103 144 100
1 | 96 | 103 146 103 145 100
1 | 97 | 102 146 103 147 100
1 | 98 | 101 146 103 148 100
1 | 99 | 100 146 103 149 109
0 | 100 | 20 30 40 50 60 70 80 90
0 | 101 | 20 30 40 50 60 70 80 90
0 | 102 | 20 30 40 50 60 70 80 90
0 | 103 | 20 30 40 50 60 70 80 90
0 | 104 | 20 30 40 50 60 70 80 90
0 | 105 | 20 30 40 50 60 70 80 90
0 | 106 | 20 30 40 50 60 70 80 90
0 | 107 | 20 30 40 50 60 70 80 90
0 | 108 | 20 30 40 50 60 70 80 90
0 | 109 | 20 30 40 50 60 70 80 90
0 | 110 | 0 4 9 14 19 24 29 34 39 44 49 54 59 64 69 74 79 84 89 94 99
0 | 111 | 0 4 9 14 19 24 29 34 39 44 49 54 59 64 69 74 79 84 89 94 99
0 | 112 | 0 4 9 14 19 24 29 34 39 44 49 54 59 64 69 74 79 84 89 94 99
0 | 113 | 0 4 9 14 19 24 29 34 39 44 49 54 59 64 69 74 79 84 89 94 99
0 | 114 | 0 4 9 14 19 24 29 34 39 44 49 54 59 64 69 74 79 84 89 94 99
0 | 115 | 0 4 9 14 19 24 29 34 39 44 49 54 59 64 69 74 79 84 89 94 99
0 | 116 | 0 4 9 14 19 24 29 34 39 44 49 54 59 64 69 74 79 84 89 94 99
0 | 117 | 0 4 9 14 19 24 29 34 39 44 49 54 59 64 69 74 79 84 89 94 99
0 | 118 | 0 4 9 14 19 24 29 34 39 44 49 54 59 64 69 74 79 84 89 94 99
0 | 119 | 0 4 9 14 19 24 29 34 39 44 49 54 59 64 69 74 79 84 89 94 99
0 | 120 | 0 4 9 14 19 24 29 34 39 44 49 54 59 64 69 74 79 84 89 94 99
0 | 121 | 0 4 9 14 19 24 29 34 39 44 49 54 59 64 69 74 79 84 89 94 99
0 | 122 | 0 4 9 14 19 24 29 34 39 44 49 54 59 64 69 74 79 84 89 94 99
0 | 123 | 0 4 9 14 19 24 29 34 39 44 49 54 59 64 69 74 79 84 89 94 99
0 | 124 | 0 4 9 14 19 24 29 34 39 44 49 54 59 64 69 74 79 84 89 94 99
0 | 125 | 0 4 9 14 19 24 29 34 39 44 49 54 59 64 69 74 79 84 89 94 99
0 | 126 | 0 4 9 14 19 24 29 34 39 44 49 54 59 64 69 74 79 84 89 94 99
0 | 127 | 0 4 9 14 19 24 29 34 39 44 49 54 59 64 69 74 79 84 89 94 99
0 | 128 | 0 4 9 14 19 24 29 34 39 44 49 54 59 64 69 74 79 84 89 94 99
0 | 129 | 0 4 9 14 19 24 29 34 39 44 49 54 59 64 69 74 79 84 89 94 99
0 | 130 | 1 2 3 5 6 7 8 10 11 12 13 15 16 17 18 21 22 23 25 26 27 28 31 32 33 35 36 37 38 41 42 43 45 46 47 48 51 52 53 55 56 57 58 61 62 63 65 66 67 68 71 72 73 75 76 77 78 81 82 83 85 86 87 88 91 92 93 95 96 97 98
0 | 131 | 1 2 3 5 6 7 8 10 11 12 13 15 16 17 18 21 22 23 25 26 27 28 31 32 33 35 36 37 38 41 42 43 45 46 47 48 51 52 53 55 56 57 58 61 62 63 65 66 67 68 71 72 73 75 76 77 78 81 82 83 85 86 87 88 91 92 93 95 96 97 98
0 | 132 | 1 2 3 5 6 7 8 10 11 12 13 15 16 17 18 21 22 23 25 26 27 28 31 32 33 35 36 37 38 41 42 43 45 46 47 48 51 52 53 55 56 57 58 61 62 63 65 66 67 68 71 72 73 75 76 77 78 81 82 83 85 86 87 88 91 92 93 95 96 97 98
0 | 133 | 1 2 3 5 6 7 8 10 11 12 13 15 16 17 18 21 22 23 25 26 27 28 31 32 33 35 36 37 38 41 42 43 45 46 47 48 51 52 53 55 56 57 58 61 62 63 65 66 67 68 71 72 73 75 76 77 78 81 82 83 85 86 87 88 91 92 93 95 96 97 98
0 | 134 | 1 2 3 5 6 7 8 10 11 12 13 15 16 17 18 21 22 23 25 26 27 28 31 32 33 35 36 37 38 41 42 43 45 46 47 48 51 52 53 55 56 57 58 61 62 63 65 66 67 68 71 72 73 75 76 77 78 81 82 83 85 86 87 88 91 92 93 95 96 97 98
0 | 135 | 1 2 3 5 6 7 8 10 11 12 13 15 16 17 18 21 22 23 25 26 27 28 31 32 33 35 36 37 38 41 42 43 45 46 47 48 51 52 53 55 56 57 58 61 62 63 65 66 67 68 71 72 73 75 76 77 78 81 82 83 85 86 87 88 91 92 93 95 96 97 98
0 | 136 | 1 2 3 5 6 7 8 10 11 12 13 15 16 17 18 21 22 23 25 26 27 28 31 32 33 35 36 37 38 41 42 43 45 46 47 48 51 52 53 55 56 57 58 61 62 63 65 66 67 68 71 72 73 75 76 77 78 81 82 83 85 86 87 88 91 92 93 95 96 97 98
0 | 137 | 1 2 3 5 6 7 8 10 11 12 13 15 16 17 18 21 22 23 25 26 27 28 31 32 33 35 36 37 38 41 42 43 45 46 47 48 51 52 53 55 56 57 58 61 62 63 65 66 67 68 71 72 73 75 76 77 78 81 82 83 85 86 87 88 91 92 93 95 96 97 98
0 | 138 | 1 2 3 5 6 7 8 10 11 12 13 15 16 17 18 21 22 23 25 26 27 28 31 32 33 35 36 37 38 41 42 43 45 46 47 48 51 52 53 55 56 57 58 61 62 63 65 66 67 68 71 72 73 75 76 77 78 81 82 83 85 86 87 88 91 92 93 95 96 97 98
0 | 139 | 1 2 3 5 6 7 8 10 11 12 13 15 16 17 18 21 22 23 25 26 27 28 31 32 33 35 36 37 38 41 42 43 45 46 47 48 51 52 53 55 56 57 58 61 62 63 65 66 67 68 71 72 73 75 76 77 78 81 82 83 85 86 87 88 91 92 93 95 96 97 98
0 | 140 | 1 2 3 5 6 7 8 10 11 12 13 15 16 17 18 21 22 23 25 26 27 28 31 32 33 35 36 37 38 41 42 43 45 46 47 48 51 52 53 55 56 57 58 61 62 63 65 66 67 68 71 72 73 75 76 77 78 81 82 83 85 86 87 88 91 92 93 95 96 97 98
0 | 141 | 1 2 3 5 6 7 8 10 11 12 13 15 16 17 18 21 22 23 25 26 27 28 31 32 33 35 36 37 38 41 42 43 45 46 47 48 51 52 53 55 56 57 58 61 62 63 65 66 67 68 71 72 73 75 76 77 78 81 82 83 85 86 87 88 91 92 93 95 96 97 98
0 | 142 | 1 2 3 5 6 7 8 10 11 12 13 15 16 17 18 21 22 23 25 26 27 28 31 32 33 35 36 37 38 41 42 43 45 46 47 48 51 52 53 55 56 57 58 61 62 63 65 66 67 68 71 72 73 75 76 77 78 81 82 83 85 86 87 88 91 92 93 95 96 97 98
0 | 143 | 1 2 3 5 6 7 8 10 11 12 13 15 16 17 18 21 22 23 25 26 27 28 31 32 33 35 36 37 38 41 42 43 45 46 47 48 51 52 53 55 56 57 58 61 62 63 65 66 67 68 71 72 73 75 76 77 78 81 82 83 85 86 87 88 91 92 93 95 96 97 98
0 | 144 | 1 2 3 5 6 7 8 10 11 12 13 15 16 17 18 21 22 23 25 26 27 28 31 32 33 35 36 37 38 41 42 43 45 46 47 48 51 52 53 55 56 57 58 61 62 63 65 66 67 68 71 72 73 75 76 77 78 81 82 83 85 86 87 88 91 92 93 95 96 97 98
0 | 145 | 1 2 3 5 6 7 8 10 11 12 13 15 16 17 18 21 22 23 25 26 27 28 31 32 33 35 36 37 38 41 42 43 45 46 47 48 51 52 53 55 56 57 58 61 62 63 65 66 67 68 71 72 73 75 76 77 78 81 82 83 85 86 87 88 91 92 93 95 96 97 98
0 | 146 | 1 2 3 5 6 7 8 10 11 12 13 15 16 17 18 21 22 23 25 26 27 28 31 32 33 35 36 37 38 41 42 43 45 46 47 48 51 52 53 55 56 57 58 61 62 63 65 66 67 68 71 72 73 75 76 77 78 81 82 83 85 86 87 88 91 92 93 95 96 97 98
0 | 147 | 1 2 3 5 6 7 8 10 11 12 13 15 16 17 18 21 22 23 25 26 27 28 31 32 33 35 36 37 38 41 42 43 45 46 47 48 51 52 53 55 56 57 58 61 62 63 65 66 67 68 71 72 73 75 76 77 78 81 82 83 85 86 87 88 91 92 93 95 96 97 98
0 | 148 | 1 2 3 5 6 7 8 10 11 12 13 15 16 17 18 21 22 23 25 26 27 28 31 32 33 35 36 37 38 41 42 43 45 46 47 48 51 52 53 55 56 57 58 61 62 63 65 66 67 68 71 72 73 75 76 77 78 81 82 83 85 86 87 88 91 92 93 95 96 97 98
0 | 149 | 1 2 3 5 6 7 8 10 11 12 13 15 16 17 18 21 22 23 25 26 27 28 31 32 33 35 36 37 38 41 42 43 45 46 47 48 51 52 53 55 56 57 58 61 62 63 65 66 67 68 71 72 73 75 76 77 78 81 82 83 85 86 87 88 91 92 93 95 96 97 98
